---
version: 2
money:
  louswitemc: 0.000000
  lonmongmanh69: 1356893670.110000
  kengamervn: 100.110000
  vyvy2k3: 9935000.000000
  greenjajot: 51580383.630000
  hoangchoii: 500000.000000
  lvtdragun: 0.620000
  skygamingblue: 493856400.000000
  whitetfc286: 460000.000000
  nhoxsaobang: 1455000.000000
  mynamehuy23: 500000
  zzphanvantanzz: 526593200.000000
  zenokundz: 1000000.000000
  tdwatch: 500000
  brianduongvn: 500000.000000
  blackfoss2k4: 938300.000000
  nhanciu: 550000.000000
  chickenvn123: 0.000000
  mondethuong: 470000.000000
  nhocscamyt: 455057.870000
  konyvn: 1753949.000000
  nhunekban: 100500000.000000
  stylemc119: 364429.790000
  gabaku: 500000
  fpvgamer: 1500000.000000
  tungtam: 1500000.000000
  gatheredsiren9: 500000.000000
  yinzoxgamer: 945000.000000
  zyvy1062: 500000.000000
  sasaki293: 500000
  bammbuu0310: 500000.000000
  ender boy 2005: 596000.000000
  lehuydzvl33: 435000.000000
  weptantelope389: 500000
  hunggamingtv: 1843400.000000
  rkgautrucvn: 370000.000000
  zzznarutozzz159: 500000
  meoanh: 270003.470000
  zfrivenzf0912: 991681773.190000
  bititpro: 440000.000000
  cravinglace6596: 500000
  pingingartist84: 500000.000000
  sameanteater792: 500000.000000
  quoc tuan 123: 500000.000000
  lesonnad: 2702000.000000
  cedarsephera: 1500000.000000
  nhatthicuto: 225000.000000
  dtien08: 265000.000000
  huydepzaiz: 300000.000000
  zzhihizz: 450000.000000
  lucbo001: 1500000.000000
  ngomanhh: 400000.000000
  mion1kaneki094: 460000.000000
  gauytvnmc: 390000.000000
  oopsmuti: 430000.000000
  pikkapi: 500000
  junkungps: 799000.000000
  arkihasu: 1533800.000000
  yokodz: 500000.000000
  yukino yakumi: 12800.000000
  donutboyz69: 480000.000000
  zomequangvn: 370000.000000
  unluckyzoo96185: 500028.110000
  thienandeptrai: 500000.000000
  sutucodoc113: 500000
  mi thao 2: 500000
  godofheavan: 1200000.000000
  masowm: 500000
  nakgamingtv: 420000.000000
  creeperboy2403: 500000
  angsed mc: 500000
  angsed910: 500000
  nytoitenoanh99: 550000.000000
  vietnamht2018: 500000.000000
  nhoxkuboy: 500000
  semeruvn: 500000
  nguyendeeptry: 169000.000000
  hoangvler: 2500000.000000
  lamgaming1: 500000.000000
  lntkien: 500000
  ziodragon4837: 500000
  lightkito25: 500000
  caomanhduyffa1: 0.000000
  thanhss456: 500000
  robingachi: 320000.000000
  ricardoticas: 500000
  corkempress9067: 500000.000000
  abledmedusa4832: 500000
  andoragamer: 500000.000000
  yukamikano: 500000
  pingamer20: 500000
  rustybooch83642: 480000.000000
  giaving13014: 185000.000000
  gundambear9559: 500000
  shrillsteam7449: 500000
  river warriorvn: 500000
  bluedragonsky16: 500000
  thinkers2k18: 814404.480000
  hoaingoc: 500000
  nutgamerxx: 500000
  mexissm: 15000.000000
  heozy: 500000
  stghast666: 20000.000000
  pandemicpvpyt: 500000
  tuideptraii: 504000.000000
  minecraft99985: 460000.000000
  flyingdarksoul: 500000
  shippoupvp1110: 500000
  ducanhnguyen81: 500000
  furryjaki1992: 500000
  foxgingamer: 500000.000000
  good of lee: 500000
  disegamertm: 500000.000000
  yorickgamervn: 500000.000000
  noobzeo: 500000
  bosshackervng: 500000
  dannyplaymc: 500000
  crucialhurdle55: 500000
  mystoganmitz: 500000
  zedboymc: 500000
  senkairai: 500000
  unfixedodin9627: 500000
  wrybracelet8749: 500000
...
