---
lonmongmanh69: 100.000000
chickenvn123: 40.000000
searsquash22692: 100
vy pikachu: 10.000000
amethystlily118: 100.000000
gearkhoaito: 100
phongfuho: 10.000000
taboohorizon655: 10.000000
eclipsedminervn: 100
eginhw: 10.000000
zyvy1062: 21.000000
electricpea05: 100
konyvn: 100.000000
ryandz: 100
zzhihizz: 50.000000
windyhappycream: 100
evolutionlegend: 100
pommobile: 100
tothichcau1310: 40.000000
louswitemc: -210.000000
mexissm: 100
hakeycute: 100
regarflixy: 25.000000
coincardvn: 10.000000
godofheavan: 70.000000
evolutionaryevl: 100
duyanh68: 60.000000
gnhan5554: 80.000000
phuongaz: -1490.000000
everybodysevery: 75.000000
vietnamht2018: -10.000000
mrdinoduck: 100
xuoi118: 100
knminerprogamer: 100
lo: 0.000000
stovetopcrush: 100
k: 100.000000
duyanh187: 90.000000
nytoitenoanh99: -10.000000
dailysquid17498: 100
chick: 100.000000
lawyero: 0.000000
angsed mc: 100
woolchannel3295: 100
eviemiki: 90.000000
nhanciu: 100.000000
angsed910: 80.000000
linh354: 100
phanvy12: 100
player(323): -35.000000
thinkers2k18: 100.000000
kengamervn: -35.000000
vyvy2k3: 61.000000
greenjajot: 38.000000
hoangchoii: 80.000000
lvtdragun: 42.000000
skygamingblue: 66.000000
whitetfc286: 40.000000
nhoxsaobang: -7.000000
mynamehuy23: 100
zzphanvantanzz: 68.000000
zenokundz: 100
tdwatch: 100
brianduongvn: 95.000000
blackfoss2k4: 78.000000
mondethuong: 15.000000
nhocscamyt: 95.000000
nhunekban: 65.000000
stylemc119: 95.000000
gabaku: 100
fpvgamer: 100
tungtam: 100
gatheredsiren9: 100
yinzoxgamer: 70.000000
sasaki293: 100
bammbuu0310: 100
ender boy 2005: 31.000000
lehuydzvl33: 81.000000
weptantelope389: 100
hunggamingtv: -400.000000
rkgautrucvn: 80.000000
zzznarutozzz159: 100
meoanh: 41.000000
zfrivenzf0912: 95.000000
bititpro: 80.000000
cravinglace6596: 80.000000
zz: 100.000000
nh: 100.000000
pingingartist84: 100
sameanteater792: 100
quoc tuan 123: 100
lesonnad: 80.000000
cedarsephera: 80.000000
nhatthicuto: 80.000000
dtien08: 41.000000
huydepzaiz: 80.000000
lucbo001: 100
ngomanhh: 100
mion1kaneki094: 80.000000
gauytvnmc: 90.000000
oopsmuti: 100
pikkapi: 60.000000
junkungps: 60.000000
arkihasu: 91.000000
yokodz: 100
yukino yakumi: 100.000000
donutboyz69: 100
zomequangvn: 100
unluckyzoo96185: 95.000000
thienandeptrai: 80.000000
sutucodoc113: 60.000000
mi thao 2: 80.000000
masowm: 100
nakgamingtv: 100
creeperboy2403: 100
nhoxkuboy: 100
semeruvn: 100
nguyendeeptry: 80.000000
thanhss456: 100
hoangvler: 100
lamgaming1: 100
lntkien: 100
ziodragon4837: 100
lightkito25: 100
caomanhduyffa1: 81.000000
robingachi: 100
ricardoticas: 100
corkempress9067: 100
abledmedusa4832: 100
andoragamer: 100
yukamikano: 100
pingamer20: 100
rustybooch83642: 100
giaving13014: 80.000000
gundambear9559: 100
shrillsteam7449: 100
river warriorvn: 100
bluedragonsky16: 100
hoaingoc: 100
nutgamerxx: 100
heozy: 100
stghast666: 90.000000
pandemicpvpyt: 100
tuideptraii: 100.000000
minecraft99985: 100
flyingdarksoul: 100
shippoupvp1110: 100
jeneration6: 100
ducanhnguyen81: 100
furryjaki1992: 80.000000
foxgingamer: 100
good of lee: 100
disegamertm: 100
yorickgamervn: 100
noobzeo: 100
bosshackervng: 100
dannyplaymc: 100
crucialhurdle55: 100
mystoganmitz: 100
zedboymc: 100
senkairai: 100
unfixedodin9627: 100
wrybracelet8749: 90.000000
...
